0.2972999413030718
0.48258657796908627
0.5246527098415182
0.5434357268636274
0.5602621796126003
0.5813930737624731
0.5983173547251027
0.5989043240070436
0.6198395617296028
0.6270788495402073
0.6405791430248483
0.6428291919389552
0.6614165525337508
0.6624926628839757
0.6595578164742711
0.6778516924280963
0.684993152025044
0.6934063783995303
0.6971238505184895
0.7002543533555077
0.7082762668753668
0.71893954216396
0.7161025239679123
0.7251027196243396
0.7298963020935237
0.7326354920759147
0.7392878106045784
0.7450596752103307
0.7538642144394443
0.7526902758755625
0.7499510858931716
0.7525924476619057
0.7558207787125807
0.7571903737037762
0.7603208765407944
0.7659949129328898
0.7748972803756603
0.7770495010761104
0.7817452553316376
0.7820387399726081
0.7881040892193308
0.7831148503228331
0.785854040305224
0.7889845431422422
0.7947564077479945
0.7919193895519467
0.7930933281158286
0.80688710624144
0.8033652905497946
0.805810995891215
0.8165720993934651
0.8054196830365877
0.8179416943846605
0.817159068675406
0.8181373508119741
0.8107024065740559
0.8127567990608491
0.8102132655057719
0.8233222461357855
0.8270397182547446
0.8230287614948151
0.8271375464684014
0.8266484054001174
0.8257679514772059
0.8245940129133241
0.8284093132459401
0.8356486010565447
0.8370181960477401
0.8357464292702015
0.8409313245940129
0.8357464292702015
0.8320289571512424
0.8302680493054196
0.8479749559773038
0.8378986499706516
0.8443553120720015
0.8425944042261788
0.8503228331050675
0.8458227352768538
0.842985717080806
0.851105458814322
0.8496380356094697
0.847877127763647
0.8479749559773038
0.8508119741733515
0.8479749559773038
0.8510076306006652
0.8556055566425357
0.8545294462923106
0.8584425748385834
0.8492467227548425
0.8630405008804539
0.8637252983760516
0.8617687341029152
0.8651927215809039
0.8668558012130698
0.869986304050088
0.8578556055566425
0.8592252005478379
0.8595186851888085
